Date,Execution Time
2022-10-21,0.018226185
