Date,Execution Time
2026-02-10,0.001914684
