Date,Execution Time
2025-04-19,0.015475286
